game_clock,description,location_x,location_y,event_type,opp_player_id,player_id,sec_player_id,team_id,home_score,away_score,points,period
10:00,Start Period,0,-80,12,,0,,0,0,0,0,1
09:54,Jump Ball Parker vs Wilson (Howard gains possession),0,-80,10,1628932,204323,1631009,1611661330,0,0,0,1
09:43,[ATL 3-0] Coffey 3pt Shot: Made (3 PTS) Assist: Robinson (1 AST),189,177,1,,1628269,202658,1611661330,0,3,3,1
09:21,[LVA] Gray Fadeaway Jump Shot: Missed,-115,128,2,,203833,,1611661319,0,3,0,1
09:21,[LVA] Wilson Rebound (Off:1 Def:0),-115,128,4,,1628932,,1611661319,0,3,0,1
09:21,[LVA 2-3] Wilson Pullup Jump shot: Made (2 PTS),93,138,1,,1628932,,1611661319,2,3,2,1
09:18,Stoppage: Equipment Malfunction,0,-80,20,,0,,0,2,3,0,1
09:12,[ATL 5-2] Gray Pullup Jump shot: Made (2 PTS) Assist: Coffey (1 AST),-115,93,1,,1628277,1628269,1611661330,2,5,2,1
09:01,Stoppage: Out-of-Bounds,0,-80,20,,0,,0,2,5,0,1
08:58,[LVA] Gray Turnover : Out of Bounds - Bad Pass Turnover (1 TO),-201,64,5,,203833,200431,1611661319,2,5,0,1
08:44,[ATL] Coffey Turnover : Bad Pass (1 TO) Steal:Stokes (1 ST),-90,242,5,204329,1628269,,1611661330,2,5,0,1
08:40,[LVA] Young 3pt Shot: Missed,-223,74,2,,1629498,,1611661319,2,5,0,1
08:35,[ATL] Howard Rebound (Off:0 Def:1),-223,74,4,,1631009,,1611661330,2,5,0,1
08:23,[ATL 7-2] Gray Cutting Layup Shot: Made (4 PTS) Assist: Parker (1 AST),-42,23,1,,1628277,204323,1611661330,2,7,2,1
08:23,[LVA] Young Foul: Shooting (1 PF) (1 FTA),-45,16,6,1628277,1629498,202679,1611661319,2,7,0,1
08:23,[ATL 8-2] Gray Free Throw 1 of 1 (5 PTS),0,-80,3,,1628277,,1611661330,2,8,1,1
08:10,[LVA 4-8] Young Pullup Jump shot: Made (2 PTS),21,146,1,,1629498,,1611661319,4,8,2,1
07:59,[ATL] Howard Driving Layup Shot: Missed,47,13,2,,1631009,,1611661330,4,8,0,1
07:57,[LVA] Stokes Rebound (Off:0 Def:1),47,13,4,,204329,,1611661319,4,8,0,1
07:53,Jump Ball Robinson vs Young (Gray gains possession),0,-80,10,1629498,202658,1628277,1611661330,4,8,0,1
07:51,[LVA] Young Turnover : Lost Ball (1 TO) Steal:Robinson (1 ST),113,99,5,202658,1629498,,1611661319,4,8,0,1
07:43,[ATL] Howard Turnover : Bad Pass (1 TO) Steal:Young (1 ST),111,-6,5,1629498,1631009,,1611661330,4,8,0,1
07:37,[ATL] Coffey Foul: Shooting (1 PF) (2 FTA),31,32,6,1628932,1628269,202679,1611661330,4,8,0,1
07:37,[LVA 5-8] Wilson Free Throw 1 of 2 (3 PTS),0,-80,3,,1628932,,1611661319,5,8,1,1
07:37,[LVA 6-8] Wilson Free Throw 2 of 2 (4 PTS),0,-80,3,,1628932,,1611661319,6,8,1,1
07:25,[ATL] Robinson 3pt Shot: Missed,241,0,2,,202658,,1611661330,6,8,0,1
07:21,[LVA] Gray Rebound (Off:0 Def:1),241,0,4,,203833,,1611661319,6,8,0,1
07:08,[LVA 8-8] Young Cutting Layup Shot: Made (4 PTS) Assist: Gray (1 AST),-19,52,1,,1629498,203833,1611661319,8,8,2,1
07:00,[ATL] Gray Pullup Jump shot: Missed,-13,148,2,,1628277,,1611661330,8,8,0,1
06:57,[LVA] Stokes Rebound (Off:0 Def:2),-13,148,4,,204329,,1611661319,8,8,0,1
06:54,[LVA] Young Foul: Offensive (2 PF),129,145,6,202658,1629498,1629422,1611661319,8,8,0,1
06:54,[LVA] Young Turnover : Offensive Foul Turnover (2 TO),129,145,5,,1629498,1629422,1611661319,8,8,0,1
06:35,[ATL] Howard 3pt Shot: Missed Block: Stokes (1 BLK),174,171,2,204329,1631009,,1611661330,8,8,0,1
06:34,[ATL] Parker Rebound (Off:1 Def:0),174,171,4,,204323,,1611661330,8,8,0,1
06:32,[ATL] Parker Jump Shot: Missed,87,75,2,,204323,,1611661330,8,8,0,1
06:30,[LVA] Wilson Rebound (Off:1 Def:1),87,75,4,,1628932,,1611661319,8,8,0,1
06:28,[ATL] Parker Foul: Transition Take (1 PF) (1 FTA),0,384,6,1628932,204323,1629422,1611661330,8,8,0,1
06:28,[LVA 9-8] Wilson Free Throw 1 of 1 (5 PTS),0,-80,3,,1628932,,1611661319,9,8,1,1
06:28,[LVA] Young Substitution replaced by Clark,0,-80,8,,1629498,202252,1611661319,9,8,0,1
06:10,[ATL] Coffey Foul: Shooting (2 PF) (2 FTA),-45,49,6,204329,1628269,1629422,1611661330,9,8,0,1
06:10,[LVA] Stokes Free Throw 1 of 2 Missed,0,-80,3,,204329,,1611661319,9,8,0,1
06:10,[LVA] Team Rebound,0,-80,4,,0,,1611661319,9,8,0,1
06:10,[ATL] Coffey Substitution replaced by Hillmon,0,-80,8,,1628269,1631044,1611661330,9,8,0,1
06:10,[LVA 10-8] Stokes Free Throw 2 of 2 (1 PTS),0,-80,3,,204329,,1611661319,10,8,1,1
05:54,[ATL 10-10] Howard Driving Floating Jump Shot: Made (2 PTS),-10,56,1,,1631009,,1611661330,10,10,2,1
05:44,[LVA] Plum Turnover : Out of Bounds - Bad Pass Turnover (1 TO),-133,32,5,,1628276,1629422,1611661319,10,10,0,1
05:25,[ATL] Parker 3pt Shot: Missed,-63,248,2,,204323,,1611661330,10,10,0,1
05:22,[LVA] Wilson Rebound (Off:1 Def:2),-63,248,4,,1628932,,1611661319,10,10,0,1
05:16,[LVA] Plum Turnover : Lost Ball (2 TO) Steal:Howard (1 ST),-116,44,5,1631009,1628276,,1611661319,10,10,0,1
05:16,[LVA] Plum Foul: Transition Take (1 PF) (1 FTA),101,779,6,1631009,1628276,202679,1611661319,10,10,0,1
05:16,[ATL 11-10] Gray Free Throw 1 of 1 (6 PTS),0,-80,3,,1628277,,1611661330,10,11,1,1
05:01,[ATL] Hillmon Jump Shot: Missed,-160,-6,2,,1631044,,1611661330,10,11,0,1
04:56,[LVA] Clark Rebound (Off:0 Def:1),-160,-6,4,,202252,,1611661319,10,11,0,1
04:43,[LVA 12-11] Gray Driving Layup Shot: Made (2 PTS),26,36,1,,203833,,1611661319,12,11,2,1
04:43,[ATL] Gray Foul: Shooting (1 PF) (1 FTA),28,25,6,203833,1628277,202679,1611661330,12,11,0,1
04:43,Timeout Officials,0,-80,9,,0,,0,12,11,0,1
04:43,[LVA] Stokes Substitution replaced by Bell,0,-80,8,,204329,1631006,1611661319,12,11,0,1
04:43,[ATL] Robinson Substitution replaced by McDonald,0,-80,8,,202658,1630462,1611661330,12,11,0,1
04:43,[LVA 13-11] Gray Free Throw 1 of 1 (3 PTS),0,-80,3,,203833,,1611661319,13,11,1,1
04:28,[ATL] Howard Layup Shot: Missed,45,7,2,,1631009,,1611661330,13,11,0,1
04:26,[LVA] Wilson Rebound (Off:1 Def:3),45,7,4,,1628932,,1611661319,13,11,0,1
04:22,[LVA 15-11] Plum Running Layup Shot: Made (2 PTS),-41,10,1,,1628276,,1611661319,15,11,2,1
04:13,[ATL] McDonald 3pt Shot: Missed,-26,255,2,,1630462,,1611661330,15,11,0,1
04:11,[LVA] Wilson Rebound (Off:1 Def:4),-26,255,4,,1628932,,1611661319,15,11,0,1
04:04,[LVA] Plum Driving Reverse Layup Shot: Missed Block: Parker (1 BLK),45,35,2,204323,1628276,,1611661319,15,11,0,1
04:03,[ATL] McDonald Rebound (Off:0 Def:1),45,35,4,,1630462,,1611661330,15,11,0,1
03:55,[ATL 13-15] Parker Running Jump Shot: Made (2 PTS) Assist: Howard (1 AST),49,135,1,,204323,1631009,1611661330,15,13,2,1
03:41,[LVA] Plum 3pt Shot: Missed,183,189,2,,1628276,,1611661319,15,13,0,1
03:38,[ATL] Hillmon Rebound (Off:0 Def:1),183,189,4,,1631044,,1611661330,15,13,0,1
03:22,[ATL 15-15] Howard Pullup Jump shot: Made (4 PTS) Assist: Parker (2 AST),-142,53,1,,1631009,204323,1611661330,15,15,2,1
03:04,[LVA 17-15] Wilson Cutting Layup Shot: Made (7 PTS) Assist: Gray (2 AST),27,44,1,,1628932,203833,1611661319,17,15,2,1
02:49,[ATL] Parker Turnover : Lost Ball (1 TO) Steal:Gray (1 ST),62,16,5,203833,204323,,1611661330,17,15,0,1
02:40,[LVA 19-15] Wilson Layup Shot: Made (9 PTS) Assist: Gray (3 AST),-35,21,1,,1628932,203833,1611661319,19,15,2,1
02:22,[ATL 17-19] Parker Jump Shot: Made (4 PTS) Assist: McDonald (1 AST),138,-4,1,,204323,1630462,1611661330,19,17,2,1
02:04,[LVA 21-17] Gray Driving Layup Shot: Made (5 PTS),26,37,1,,203833,,1611661319,21,17,2,1
01:48,[ATL] McDonald Driving Floating Jump Shot: Missed,58,39,2,,1630462,,1611661330,21,17,0,1
01:46,[LVA] Gray Rebound (Off:0 Def:2),58,39,4,,203833,,1611661319,21,17,0,1
01:37,[LVA] Wilson Step Back Jump shot: Missed,40,87,2,,1628932,,1611661319,21,17,0,1
01:36,[ATL] Howard Rebound (Off:0 Def:2),40,87,4,,1631009,,1611661330,21,17,0,1
01:24,[ATL] McDonald Pullup Jump shot: Missed,-142,37,2,,1630462,,1611661330,21,17,0,1
01:22,[ATL] Team Rebound,-142,37,4,,0,,1611661330,21,17,0,1
01:22,[LVA] Plum Substitution replaced by Young,0,-80,8,,1628276,1629498,1611661319,21,17,0,1
01:22,[ATL] Parker Substitution replaced by Billings,0,-80,8,,204323,1628881,1611661330,21,17,0,1
01:15,[ATL 19-21] Howard Pullup Jump shot: Made (6 PTS),24,99,1,,1631009,,1611661330,21,19,2,1
00:55.0,[LVA 23-19] Wilson Cutting Layup Shot: Made (11 PTS) Assist: Gray (4 AST),46,28,1,,1628932,203833,1611661319,23,19,2,1
00:42.8,[LVA] Wilson Foul: Shooting (1 PF) (2 FTA),-37,75,6,1628881,1628932,1629422,1611661319,23,19,0,1
00:42.8,[ATL 20-23] Billings Free Throw 1 of 2 (1 PTS),0,-80,3,,1628881,,1611661330,23,20,1,1
00:42.8,[ATL] Billings Free Throw 2 of 2 Missed,0,-80,3,,1628881,,1611661330,23,20,0,1
00:40.9,[LVA] Clark Rebound (Off:0 Def:2),0,-80,4,,202252,,1611661319,23,20,0,1
00:32.6,[LVA 25-20] Clark Layup Shot: Made (2 PTS) Assist: Gray (5 AST),67,62,1,,202252,203833,1611661319,25,20,2,1
00:14.9,[ATL 22-25] Hillmon Hook Shot: Made (2 PTS) Assist: Gray (1 AST),-15,31,1,,1631044,1628277,1611661330,25,22,2,1
00:00.5,[LVA] Young Pullup Jump shot: Missed,20,190,2,,1629498,,1611661319,25,22,0,1
00:00.5,[LVA] Team Rebound,20,190,4,,0,,1611661319,25,22,0,1
00:00.0,End Period,0,-80,13,,0,,0,25,22,0,1
10:00,Start Period,0,-80,12,,0,,0,25,22,0,2
09:41,[LVA 28-22] Plum 3pt Shot: Made (5 PTS),146,212,1,,1628276,,1611661319,28,22,3,2
09:23,[ATL] Gray 3pt Shot: Missed,134,238,2,,1628277,,1611661330,28,22,0,2
09:20,[LVA] Stokes Rebound (Off:0 Def:3),134,238,4,,204329,,1611661319,28,22,0,2
09:07,[LVA 30-22] Plum Driving Hook Shot: Made (7 PTS),17,61,1,,1628276,,1611661319,30,22,2,2
08:48,[ATL] Gray Driving Floating Jump Shot: Missed,-21,77,2,,1628277,,1611661330,30,22,0,2
08:45,[ATL] Team Rebound,-21,77,4,,0,,1611661330,30,22,0,2
08:45,Stoppage: Out-of-Bounds,0,-80,20,,0,,0,30,22,0,2
08:45,[ATL] Hillmon Substitution replaced by Parker,0,-80,8,,1631044,204323,1611661330,30,22,0,2
08:41,[ATL 24-30] Parker Floating Jump shot: Made (6 PTS) Assist: McDonald (2 AST),46,32,1,,204323,1630462,1611661330,30,24,2,2
08:19,[LVA 32-24] Young Driving Floating Jump Shot: Made (6 PTS),-113,53,1,,1629498,,1611661319,32,24,2,2
07:55,[ATL] Gray Turnover : Bad Pass (1 TO) Steal:Young (2 ST),-140,209,5,1629498,1628277,,1611661330,32,24,0,2
07:52,[ATL] McDonald Foul: Shooting (1 PF) (2 FTA),50,30,6,1631006,1630462,200431,1611661330,32,24,0,2
07:52,[LVA 33-24] Bell Free Throw 1 of 2 (1 PTS),0,-80,3,,1631006,,1611661319,33,24,1,2
07:52,[ATL] Gray Substitution replaced by Durr,0,-80,8,,1628277,1629476,1611661330,33,24,0,2
07:52,[LVA 34-24] Bell Free Throw 2 of 2 (2 PTS),0,-80,3,,1631006,,1611661319,34,24,1,2
07:41,[ATL] McDonald Turnover : Bad Pass (1 TO) Steal:Stokes (2 ST),-59,12,5,204329,1630462,,1611661330,34,24,0,2
07:26,[LVA 37-24] Young 3pt Shot: Made (9 PTS) Assist: Plum (1 AST),42,256,1,,1629498,1628276,1611661319,37,24,3,2
07:22,[ATL] Team Timeout : Regular,0,-80,9,,1611661330,,1611661330,37,24,0,2
07:22,[LVA] Bell Substitution replaced by Clark,0,-80,8,,1631006,202252,1611661319,37,24,0,2
07:04,[LVA] George Foul: Personal (1 PF),-145,3,6,1628881,204297,1629422,1611661319,37,24,0,2
06:54,[ATL] McDonald Turnover : Bad Pass (2 TO) Steal:Young (3 ST),-7,284,5,1629498,1630462,,1611661330,37,24,0,2
06:44,[LVA 40-24] Young 3pt Shot: Made (12 PTS) Assist: Plum (2 AST),-144,203,1,,1629498,1628276,1611661319,40,24,3,2
06:25,[ATL] Howard Pullup Jump shot: Missed,96,177,2,,1631009,,1611661330,40,24,0,2
06:21,[ATL] McDonald Rebound (Off:1 Def:1),96,177,4,,1630462,,1611661330,40,24,0,2
06:18,[ATL] Billings Driving Layup Shot: Missed,36,5,2,,1628881,,1611661330,40,24,0,2
06:16,[LVA] Stokes Rebound (Off:0 Def:4),36,5,4,,204329,,1611661319,40,24,0,2
06:07,[LVA] Young Pullup Jump shot: Missed,156,35,2,,1629498,,1611661319,40,24,0,2
06:04,[ATL] Howard Rebound (Off:0 Def:3),156,35,4,,1631009,,1611661330,40,24,0,2
05:53,[ATL 26-40] Parker Driving Layup Shot: Made (8 PTS),-54,48,1,,204323,,1611661330,40,26,2,2
05:47,[LVA 43-26] Young 3pt Shot: Made (15 PTS) Assist: Plum (3 AST),-168,188,1,,1629498,1628276,1611661319,43,26,3,2
05:31,[ATL 29-43] Durr 3pt Shot: Made (3 PTS) Assist: McDonald (3 AST),-226,94,1,,1629476,1630462,1611661330,43,29,3,2
05:18,[LVA] George Foul: Offensive (2 PF),-110,173,6,204323,204297,202679,1611661319,43,29,0,2
05:18,[LVA] George Turnover : Offensive Foul Turnover (1 TO),-110,173,5,,204297,202679,1611661319,43,29,0,2
05:18,[LVA] George Substitution replaced by Gray,0,-80,8,,204297,203833,1611661319,43,29,0,2
05:18,[LVA] Stokes Substitution replaced by Wilson,0,-80,8,,204329,1628932,1611661319,43,29,0,2
05:18,[ATL] McDonald Substitution replaced by Robinson,0,-80,8,,1630462,202658,1611661330,43,29,0,2
05:18,[ATL] Durr Substitution replaced by Gray,0,-80,8,,1629476,1628277,1611661330,43,29,0,2
05:06,[ATL] Robinson 3pt Shot: Missed,105,243,2,,202658,,1611661330,43,29,0,2
05:02,[LVA] Wilson Rebound (Off:1 Def:5),105,243,4,,1628932,,1611661319,43,29,0,2
04:54,[LVA 46-29] Young 3pt Shot: Made (18 PTS),-233,30,1,,1629498,,1611661319,46,29,3,2
04:42,[ATL 31-46] Parker Turnaround Jump Shot: Made (10 PTS) Assist: Robinson (2 AST),-83,69,1,,204323,202658,1611661330,46,31,2,2
04:29,[LVA] Young 3pt Shot: Missed,17,239,2,,1629498,,1611661319,46,31,0,2
04:26,[ATL] Parker Rebound (Off:1 Def:1),17,239,4,,204323,,1611661330,46,31,0,2
04:07,[ATL] Robinson Turnover : Bad Pass (1 TO) Steal:Gray (2 ST),125,45,5,203833,202658,,1611661330,46,31,0,2
03:57,[LVA 49-31] Gray 3pt Shot: Made (8 PTS),-149,235,1,,203833,,1611661319,49,31,3,2
03:36,[ATL 34-49] Robinson 3pt Shot: Made (3 PTS) Assist: Howard (2 AST),-27,244,1,,202658,1631009,1611661330,49,34,3,2
03:17,[LVA] Wilson 3pt Shot: Missed,210,162,2,,1628932,,1611661319,49,34,0,2
03:15,[ATL] Billings Rebound (Off:0 Def:1),210,162,4,,1628881,,1611661330,49,34,0,2
03:11,[LVA] Clark Foul: Personal (1 PF),67,42,6,204323,202252,202679,1611661319,49,34,0,2
03:11,[ATL] Billings Substitution replaced by Rupert,0,-80,8,,1628881,1630387,1611661330,49,34,0,2
03:01,[ATL] Gray Pullup Jump shot: Missed,-59,130,2,,1628277,,1611661330,49,34,0,2
02:58,[ATL] Parker Rebound (Off:2 Def:1),-59,130,4,,204323,,1611661330,49,34,0,2
02:57,[ATL 36-49] Parker Putback Layup Shot: Made (12 PTS),-42,11,1,,204323,,1611661330,49,36,2,2
02:57,[LVA] Clark Foul: Shooting (2 PF) (1 FTA),-40,5,6,204323,202252,200431,1611661319,49,36,0,2
02:57,Timeout Officials,0,-80,9,,0,,0,49,36,0,2
02:57,[LVA] Clark Substitution replaced by Stokes,0,-80,8,,202252,204329,1611661319,49,36,0,2
02:57,[ATL 37-49] Parker Free Throw 1 of 1 (13 PTS),0,-80,3,,204323,,1611661330,49,37,1,2
02:38,[LVA] Young Driving Layup Shot: Missed,48,42,2,,1629498,,1611661319,49,37,0,2
02:36,[ATL] Rupert Rebound (Off:0 Def:1),48,42,4,,1630387,,1611661330,49,37,0,2
02:18,[ATL] Rupert 3pt Shot: Missed,-195,155,2,,1630387,,1611661330,49,37,0,2
02:16,[ATL] Robinson Rebound (Off:1 Def:0),-195,155,4,,202658,,1611661330,49,37,0,2
02:16,[LVA] Gray Foul: Personal (1 PF),-90,18,6,202658,203833,202679,1611661319,49,37,0,2
02:09,[ATL 39-49] Robinson Cutting Layup Shot: Made (5 PTS) Assist: Parker (3 AST),23,19,1,,202658,204323,1611661330,49,39,2,2
01:52,[ATL] Howard Foul: Shooting (1 PF) (2 FTA),-26,43,6,1628932,1631009,202679,1611661330,49,39,0,2
01:52,[LVA 50-39] Wilson Free Throw 1 of 2 (12 PTS),0,-80,3,,1628932,,1611661319,50,39,1,2
01:52,[LVA 51-39] Wilson Free Throw 2 of 2 (13 PTS),0,-80,3,,1628932,,1611661319,51,39,1,2
01:29,[ATL] Gray 3pt Shot: Missed Block: Gray (1 BLK),-10,259,2,203833,1628277,,1611661330,51,39,0,2
01:28,[ATL] Gray Rebound (Off:1 Def:0),-10,259,4,,1628277,,1611661330,51,39,0,2
01:27,[ATL] Team Turnover : Shot Clock Turnover,-60,254,5,,0,1629422,1611661330,51,39,0,2
01:05,[LVA 54-39] Plum 3pt Shot: Made (10 PTS),-207,221,1,,1628276,,1611661319,54,39,3,2
00:52.6,[ATL 41-54] Parker Jump Shot: Made (15 PTS) Assist: Robinson (3 AST),21,182,1,,204323,202658,1611661330,54,41,2,2
00:40.3,[LVA] Wilson Pullup Jump shot: Missed,90,151,2,,1628932,,1611661319,54,41,0,2
00:37.0,[ATL] Howard Rebound (Off:0 Def:4),90,151,4,,1631009,,1611661330,54,41,0,2
00:28.1,[ATL 43-54] Rupert Jump Shot: Made (2 PTS) Assist: Howard (3 AST),-44,160,1,,1630387,1631009,1611661330,54,43,2,2
00:17.4,[LVA] Gray Turnover : Out of Bounds - Bad Pass Turnover (2 TO),33,234,5,,203833,1629422,1611661319,54,43,0,2
00:02.5,[ATL] Parker Fadeaway Jump Shot: Missed,-111,6,2,,204323,,1611661330,54,43,0,2
00:00.5,[LVA] Wilson Rebound (Off:1 Def:6),-111,6,4,,1628932,,1611661319,54,43,0,2
00:00.0,End Period,0,-80,13,,0,,0,54,43,0,2
00:00.0,Instant Replay - Support Ruling,0,-80,18,,0,,0,54,43,0,2
10:00,Start Period,0,-80,12,,0,,0,54,43,0,3
09:42,[LVA 56-43] Plum Driving Finger Roll Layup Shot: Made (12 PTS) Assist: Wilson (1 AST),-40,13,1,,1628276,1628932,1611661319,56,43,2,3
09:26,[ATL] Robinson 3pt Shot: Missed,238,33,2,,202658,,1611661330,56,43,0,3
09:21,[LVA] Plum Rebound (Off:0 Def:1),238,33,4,,1628276,,1611661319,56,43,0,3
09:08,[LVA] Wilson Pullup Jump shot: Missed Block: Coffey (1 BLK),-83,62,2,1628269,1628932,,1611661319,56,43,0,3
09:08,[LVA] Team Rebound,-83,62,4,,0,,1611661319,56,43,0,3
09:08,Stoppage: Out-of-Bounds,0,-80,20,,0,,0,56,43,0,3
09:08,[LVA] Plum Foul: Offensive (2 PF),90,225,6,202658,1628276,1629422,1611661319,56,43,0,3
09:08,[LVA] Plum Turnover : Offensive Foul Turnover (3 TO),90,225,5,,1628276,1629422,1611661319,56,43,0,3
08:58,[ATL] Gray Driving Layup Shot: Missed Block: Stokes (2 BLK),50,49,2,204329,1628277,,1611661330,56,43,0,3
08:56,[LVA] Stokes Rebound (Off:0 Def:5),50,49,4,,204329,,1611661319,56,43,0,3
08:44,[LVA] Wilson Turnover : Lost Ball (1 TO) Steal:Parker (1 ST),-68,115,5,204323,1628932,,1611661319,56,43,0,3
08:39,[ATL 45-56] Coffey Running Pull-Up Jump Shot: Made (5 PTS) Assist: Howard (4 AST),111,143,1,,1628269,1631009,1611661330,56,45,2,3
08:38,[ATL] Team Violation : Delay Of Game,0,-80,7,,0,,1611661330,56,45,0,3
08:22,[ATL] Parker Foul: Personal (2 PF),-20,151,6,1628932,204323,202679,1611661330,56,45,0,3
08:16,[LVA] Wilson Turnaround Fadeaway shot: Missed,95,79,2,,1628932,,1611661319,56,45,0,3
08:12,[ATL] Team Rebound,95,79,4,,0,,1611661330,56,45,0,3
08:12,Stoppage: Out-of-Bounds,0,-80,20,,0,,0,56,45,0,3
08:02,[ATL] Parker Turnover : Lost Ball (2 TO) Steal:Stokes (3 ST),79,127,5,204329,204323,,1611661330,56,45,0,3
07:57,[LVA 58-45] Young Running Pull-Up Jump Shot: Made (20 PTS),-138,163,1,,1629498,,1611661319,58,45,2,3
07:45,[ATL] Parker Layup Shot: Missed,-54,25,2,,204323,,1611661330,58,45,0,3
07:43,[LVA] Stokes Rebound (Off:0 Def:6),-54,25,4,,204329,,1611661319,58,45,0,3
07:31,[LVA 60-45] Stokes Cutting Layup Shot: Made (3 PTS) Assist: Gray (6 AST),-43,7,1,,204329,203833,1611661319,60,45,2,3
07:16,[LVA] Young Foul: Personal (3 PF),129,245,6,1628277,1629498,202679,1611661319,60,45,0,3
07:05,[ATL] Gray 3pt Shot: Missed,-235,-5,2,,1628277,,1611661330,60,45,0,3
07:02,[LVA] Wilson Rebound (Off:1 Def:7),-235,-5,4,,1628932,,1611661319,60,45,0,3
06:54,[LVA] Plum Step Back Jump shot: Missed,47,211,2,,1628276,,1611661319,60,45,0,3
06:51,[ATL] Parker Rebound (Off:2 Def:2),47,211,4,,204323,,1611661330,60,45,0,3
06:47,[LVA] Stokes Foul: Shooting (1 PF) (2 FTA),60,30,6,1628269,204329,200431,1611661319,60,45,0,3
06:47,[ATL 46-60] Coffey Free Throw 1 of 2 (6 PTS),0,-80,3,,1628269,,1611661330,60,46,1,3
06:47,[ATL] Parker Substitution replaced by Rupert,0,-80,8,,204323,1630387,1611661330,60,46,0,3
06:47,[ATL 47-60] Coffey Free Throw 2 of 2 (7 PTS),0,-80,3,,1628269,,1611661330,60,47,1,3
06:29,[LVA] Gray 3pt Shot: Missed,235,-3,2,,203833,,1611661319,60,47,0,3
06:26,[ATL] Gray Rebound (Off:1 Def:1),235,-3,4,,1628277,,1611661330,60,47,0,3
06:24,[ATL 49-60] Robinson Running Finger Roll Layup Shot: Made (7 PTS) Assist: Gray (2 AST),-38,21,1,,202658,1628277,1611661330,60,49,2,3
06:24,[LVA] Plum Foul: Shooting (3 PF) (1 FTA),-47,24,6,202658,1628276,202679,1611661319,60,49,0,3
06:24,[ATL] Robinson Free Throw 1 of 1 Missed,0,-80,3,,202658,,1611661330,60,49,0,3
06:22,[LVA] Wilson Rebound (Off:1 Def:8),0,-80,4,,1628932,,1611661319,60,49,0,3
06:17,[ATL] Robinson Foul: Personal (1 PF),-32,305,6,203833,202658,1629422,1611661330,60,49,0,3
06:12,[ATL] Gray Foul: Personal (2 PF),-183,254,6,203833,1628277,202679,1611661330,60,49,0,3
06:02,[LVA] Gray Pullup Jump shot: Missed,-84,56,2,,203833,,1611661319,60,49,0,3
06:00,[ATL] Team Rebound,-84,56,4,,0,,1611661330,60,49,0,3
06:00,Stoppage: Out-of-Bounds,0,-80,20,,0,,0,60,49,0,3
06:00,[ATL] Team Timeout : Regular,0,-80,9,,1611661330,,1611661330,60,49,0,3
06:00,Instant Replay - Challenge - Overturn Ruling,0,-80,18,,0,,1611661330,60,49,0,3
05:36,[ATL] Team Turnover : Shot Clock Turnover,-45,268,5,,0,1629422,1611661330,60,49,0,3
05:22,[LVA 62-49] Wilson Pullup Jump shot: Made (15 PTS) Assist: Gray (7 AST),91,6,1,,1628932,203833,1611661319,62,49,2,3
05:08,[ATL 51-62] Gray Cutting Layup Shot: Made (8 PTS) Assist: Rupert (1 AST),40,32,1,,1628277,1630387,1611661330,62,51,2,3
04:50,[ATL] Coffey Foul: Shooting (3 PF) (2 FTA),32,21,6,1628932,1628269,200431,1611661330,62,51,0,3
04:50,[LVA 63-51] Wilson Free Throw 1 of 2 (16 PTS),0,-80,3,,1628932,,1611661319,63,51,1,3
04:50,[LVA] Stokes Substitution replaced by Clark,0,-80,8,,204329,202252,1611661319,63,51,0,3
04:50,[ATL] Gray Substitution replaced by Parker,0,-80,8,,1628277,204323,1611661330,63,51,0,3
04:50,[ATL] Rupert Substitution replaced by McDonald,0,-80,8,,1630387,1630462,1611661330,63,51,0,3
04:50,[LVA] Wilson Free Throw 2 of 2 Missed,0,-80,3,,1628932,,1611661319,63,51,0,3
04:48,[ATL] Parker Rebound (Off:2 Def:3),0,-80,4,,204323,,1611661330,63,51,0,3
04:36,[ATL] Howard 3pt Shot: Missed,-124,216,2,,1631009,,1611661330,63,51,0,3
04:32,[LVA] Wilson Rebound (Off:1 Def:9),-124,216,4,,1628932,,1611661319,63,51,0,3
04:27,[LVA] Young Driving Floating Jump Shot: Missed Block: Howard (1 BLK),-79,53,2,1631009,1629498,,1611661319,63,51,0,3
04:25,[ATL] Coffey Rebound (Off:0 Def:1),-79,53,4,,1628269,,1611661330,63,51,0,3
04:17,[ATL 53-63] Coffey Running Layup Shot: Made (9 PTS),-29,27,1,,1628269,,1611661330,63,53,2,3
04:01,[LVA] Young Cutting Layup Shot: Missed,-45,24,2,,1629498,,1611661319,63,53,0,3
03:59,[ATL] Coffey Rebound (Off:0 Def:2),-45,24,4,,1628269,,1611661330,63,53,0,3
03:54,[ATL 55-63] Coffey Running Pull-Up Jump Shot: Made (11 PTS),-43,170,1,,1628269,,1611661330,63,55,2,3
03:54,[LVA] Team Timeout : Short,0,-80,9,,1611661319,,1611661319,63,55,0,3
03:54,[ATL] Robinson Substitution replaced by Gray,0,-80,8,,202658,1628277,1611661330,63,55,0,3
03:43,[LVA] Clark Foul: Offensive (3 PF),115,133,6,1630462,202252,200431,1611661319,63,55,0,3
03:43,[LVA] Clark Turnover : Offensive Foul Turnover (1 TO),115,133,5,,202252,200431,1611661319,63,55,0,3
03:22,[ATL] Coffey Turnover : Bad Pass (2 TO) Steal:Wilson (1 ST),98,273,5,1628932,1628269,,1611661330,63,55,0,3
03:22,[ATL] Parker Foul: Transition Take (3 PF) (1 FTA),101,534,6,1628932,204323,202679,1611661330,63,55,0,3
03:22,[LVA] Plum Free Throw 1 of 1 Missed,0,-80,3,,1628276,,1611661319,63,55,0,3
03:22,[LVA] Team Rebound,0,-80,4,,0,,1611661319,63,55,0,3
03:03,[LVA 65-55] Wilson Turnaround Jump Shot: Made (18 PTS) Assist: Clark (1 AST),-62,45,1,,1628932,202252,1611661319,65,55,2,3
02:36,[ATL] Coffey 3pt Shot: Missed,-128,248,2,,1628269,,1611661330,65,55,0,3
02:33,[LVA] Young Rebound (Off:0 Def:1),-128,248,4,,1629498,,1611661319,65,55,0,3
02:31,[LVA] Young 3pt Shot: Missed,-166,194,2,,1629498,,1611661319,65,55,0,3
02:27,[ATL] Howard Rebound (Off:0 Def:5),-166,194,4,,1631009,,1611661330,65,55,0,3
02:13,[ATL] Coffey Driving Layup Shot: Missed Block: Wilson (1 BLK),38,32,2,1628932,1628269,,1611661330,65,55,0,3
02:10,[LVA] Clark Rebound (Off:0 Def:3),38,32,4,,202252,,1611661319,65,55,0,3
02:08,[ATL] Gray Foul: Shooting (3 PF) (2 FTA),-48,22,6,1628276,1628277,202679,1611661330,65,55,0,3
02:08,[LVA 66-55] Plum Free Throw 1 of 2 (13 PTS),0,-80,3,,1628276,,1611661319,66,55,1,3
02:08,[LVA] Young Substitution replaced by Bell,0,-80,8,,1629498,1631006,1611661319,66,55,0,3
02:08,[LVA] Wilson Substitution replaced by Stokes,0,-80,8,,1628932,204329,1611661319,66,55,0,3
02:08,[LVA 67-55] Plum Free Throw 2 of 2 (14 PTS),0,-80,3,,1628276,,1611661319,67,55,1,3
01:55,[ATL] McDonald Driving Layup Shot: Missed,-33,41,2,,1630462,,1611661330,67,55,0,3
01:53,[LVA] Stokes Rebound (Off:0 Def:7),-33,41,4,,204329,,1611661319,67,55,0,3
01:40,[LVA 69-55] Gray Fadeaway Jump Shot: Made (10 PTS),4,99,1,,203833,,1611661319,69,55,2,3
01:15,[ATL 57-69] Parker Jump Shot: Made (17 PTS) Assist: Howard (5 AST),115,27,1,,204323,1631009,1611661330,69,57,2,3
00:58.3,[LVA] Bell 3pt Shot: Missed Block: Coffey (2 BLK),223,93,2,1628269,1631006,,1611661319,69,57,0,3
00:55.6,[ATL] Team Rebound,223,93,4,,0,,1611661330,69,57,0,3
00:55.6,Stoppage: Out-of-Bounds,0,-80,20,,0,,0,69,57,0,3
00:55.6,[ATL] McDonald Substitution replaced by Jones,0,-80,8,,1630462,1641650,1611661330,69,57,0,3
00:55.6,[ATL] Coffey Substitution replaced by Hillmon,0,-80,8,,1628269,1631044,1611661330,69,57,0,3
00:45.8,[ATL 59-69] Parker Jump Shot: Made (19 PTS) Assist: Jones (1 AST),117,137,1,,204323,1641650,1611661330,69,59,2,3
00:39.3,[LVA] Plum Driving Layup Shot: Missed,-39,12,2,,1628276,,1611661319,69,59,0,3
00:38.0,[LVA] Stokes Rebound (Off:1 Def:7),-39,12,4,,204329,,1611661319,69,59,0,3
00:37.7,[LVA] Stokes Tip Layup Shot: Missed,0,-5,2,,204329,,1611661319,69,59,0,3
00:34.0,[ATL] Howard Rebound (Off:0 Def:6),0,-5,4,,1631009,,1611661330,69,59,0,3
00:28.7,[ATL] Howard Foul: Offensive (2 PF),121,37,6,202252,1631009,202679,1611661330,69,59,0,3
00:28.7,[ATL] Howard Turnover : Offensive Foul Turnover (2 TO),121,37,5,,1631009,202679,1611661330,69,59,0,3
00:16.1,[LVA] Gray Turnover : Bad Pass (3 TO) Steal:Gray (1 ST),-117,228,5,1628277,203833,,1611661319,69,59,0,3
00:00.7,[ATL] Gray 3pt Shot: Missed,106,269,2,,1628277,,1611661330,69,59,0,3
00:00.7,[ATL] Team Rebound,106,269,4,,0,,1611661330,69,59,0,3
00:00.0,End Period,0,-80,13,,0,,0,69,59,0,3
10:00,Start Period,0,-80,12,,0,,0,69,59,0,4
09:36,[ATL 62-69] Jones 3pt Shot: Made (3 PTS) Assist: Howard (6 AST),-6,247,1,,1641650,1631009,1611661330,69,62,3,4
09:18,[LVA 72-62] Bell 3pt Shot: Made (5 PTS) Assist: Plum (4 AST),177,189,1,,1631006,1628276,1611661319,72,62,3,4
08:58,[ATL] Howard Driving Layup Shot: Missed Block: Stokes (3 BLK),-74,25,2,204329,1631009,,1611661330,72,62,0,4
08:55,[LVA] Bell Rebound (Off:0 Def:1),-74,25,4,,1631006,,1611661319,72,62,0,4
08:49,[LVA 75-62] Bell 3pt Shot: Made (8 PTS) Assist: Plum (5 AST),-154,212,1,,1631006,1628276,1611661319,75,62,3,4
08:44,[ATL] Team Timeout : Short,0,-80,9,,1611661330,,1611661330,75,62,0,4
08:44,[ATL] Howard Substitution replaced by Coffey,0,-80,8,,1631009,1628269,1611661330,75,62,0,4
08:44,[ATL] Parker Substitution replaced by Rupert,0,-80,8,,204323,1630387,1611661330,75,62,0,4
08:32,[ATL] Rupert 3pt Shot: Missed,142,232,2,,1630387,,1611661330,75,62,0,4
08:29,[LVA] Stokes Rebound (Off:1 Def:8),142,232,4,,204329,,1611661319,75,62,0,4
08:19,[LVA] Young 3pt Shot: Missed,-222,108,2,,1629498,,1611661319,75,62,0,4
08:17,[ATL] Hillmon Rebound (Off:0 Def:2),-222,108,4,,1631044,,1611661330,75,62,0,4
08:15,[ATL] Jones Turnover : Double Dribble (1 TO),113,133,5,,1641650,1629422,1611661330,75,62,0,4
08:15,[ATL] Coffey Substitution replaced by Howard,0,-80,8,,1628269,1631009,1611661330,75,62,0,4
07:51,[LVA] Young 3pt Shot: Missed,-71,242,2,,1629498,,1611661319,75,62,0,4
07:51,[LVA] Team Rebound,79,607,4,,0,,1611661319,75,62,0,4
07:50,[LVA] Team Turnover : Shot Clock Turnover,-131,211,5,,0,200431,1611661319,75,62,0,4
07:50,[LVA] Plum Substitution replaced by Gray,0,-80,8,,1628276,203833,1611661319,75,62,0,4
07:25,[ATL] Jones Turnaround Jump Shot: Missed,57,167,2,,1641650,,1611661330,75,62,0,4
07:23,[LVA] Clark Rebound (Off:0 Def:4),57,167,4,,202252,,1611661319,75,62,0,4
07:15,[ATL] Gray Foul: Personal (4 PF),-32,250,6,204329,1628277,200431,1611661330,75,62,0,4
07:15,[ATL] Jones Substitution replaced by Robinson,0,-80,8,,1641650,202658,1611661330,75,62,0,4
07:15,[LVA] Stokes Substitution replaced by Wilson,0,-80,8,,204329,1628932,1611661319,75,62,0,4
07:04,[LVA] Clark Turnover : Bad Pass (2 TO) Steal:Rupert (1 ST),-111,212,5,1630387,202252,,1611661319,75,62,0,4
07:00,[ATL] Howard 3pt Shot: Missed,-184,189,2,,1631009,,1611661330,75,62,0,4
06:57,[LVA] Wilson Rebound (Off:1 Def:10),-184,189,4,,1628932,,1611661319,75,62,0,4
06:48,[LVA 78-62] Clark 3pt Shot: Made (5 PTS) Assist: Young (1 AST),-226,90,1,,202252,1629498,1611661319,78,62,3,4
06:29,[ATL] Rupert Turnover : Lost Ball (1 TO) Steal:Young (4 ST),-97,97,5,1629498,1630387,,1611661330,78,62,0,4
06:25,[LVA 80-62] Young Running Layup Shot: Made (22 PTS) Assist: Clark (2 AST),27,33,1,,1629498,202252,1611661319,80,62,2,4
06:10,[LVA] Bell Foul: Personal (1 PF),94,70,6,1631044,1631006,202679,1611661319,80,62,0,4
06:10,[ATL] Rupert Substitution replaced by Parker,0,-80,8,,1630387,204323,1611661330,80,62,0,4
06:10,[ATL] Hillmon Substitution replaced by Coffey,0,-80,8,,1631044,1628269,1611661330,80,62,0,4
06:02,[LVA] Gray Foul: Personal (2 PF),-121,127,6,1628269,203833,200431,1611661319,80,62,0,4
05:53,[ATL] Parker Turnover : 3 Second Violation (3 TO),-46,38,5,,204323,202679,1611661330,80,62,0,4
05:53,Timeout Officials,0,-80,9,,0,,0,80,62,0,4
05:53,Instant Replay - Support Ruling,0,-80,18,,0,,0,80,62,0,4
05:53,[LVA] Bell Substitution replaced by Plum,0,-80,8,,1631006,1628276,1611661319,80,62,0,4
05:53,[ATL] Robinson Substitution replaced by McDonald,0,-80,8,,202658,1630462,1611661330,80,62,0,4
05:53,[ATL] Howard Substitution replaced by Durr,0,-80,8,,1631009,1629476,1611661330,80,62,0,4
05:40,[ATL] Parker Foul: Shooting (4 PF) (2 FTA),46,0,6,1628932,204323,200431,1611661330,80,62,0,4
05:40,[LVA 81-62] Wilson Free Throw 1 of 2 (19 PTS),0,-80,3,,1628932,,1611661319,81,62,1,4
05:40,[LVA 82-62] Wilson Free Throw 2 of 2 (20 PTS),0,-80,3,,1628932,,1611661319,82,62,1,4
05:26,[ATL] Coffey Turnover : Bad Pass (3 TO) Steal:Wilson (2 ST),22,283,5,1628932,1628269,,1611661330,82,62,0,4
05:22,[LVA 84-62] Young Running Layup Shot: Made (24 PTS),39,16,1,,1629498,,1611661319,84,62,2,4
05:04,[LVA] Gray Foul: Shooting (3 PF) (2 FTA),26,48,6,1628269,203833,200431,1611661319,84,62,0,4
05:04,[ATL] Coffey Free Throw 1 of 2 Missed,0,-80,3,,1628269,,1611661330,84,62,0,4
05:04,[ATL] Team Rebound,0,-80,4,,0,,1611661330,84,62,0,4
05:04,[ATL] Gray Substitution replaced by Billings,0,-80,8,,1628277,1628881,1611661330,84,62,0,4
05:04,[ATL] Parker Substitution replaced by Jones,0,-80,8,,204323,1641650,1611661330,84,62,0,4
05:04,[ATL 63-84] Coffey Free Throw 2 of 2 (12 PTS),0,-80,3,,1628269,,1611661330,84,63,1,4
04:53,[LVA] Young Driving Layup Shot: Missed,35,19,2,,1629498,,1611661319,84,63,0,4
04:51,[ATL] Billings Rebound (Off:0 Def:2),35,19,4,,1628881,,1611661330,84,63,0,4
04:42,[ATL 65-84] Coffey Driving Layup Shot: Made (14 PTS) Assist: Billings (1 AST),-33,26,1,,1628269,1628881,1611661330,84,65,2,4
04:38,[LVA] Team Timeout : Short,0,-80,9,,1611661319,,1611661319,84,65,0,4
04:38,[LVA] Young Substitution replaced by Bell,0,-80,8,,1629498,1631006,1611661319,84,65,0,4
04:38,[LVA] Gray Substitution replaced by George,0,-80,8,,203833,204297,1611661319,84,65,0,4
04:38,[ATL] Coffey Substitution replaced by Hillmon,0,-80,8,,1628269,1631044,1611661330,84,65,0,4
04:26,[LVA] Wilson Layup Shot: Missed Block: Billings (1 BLK),-35,15,2,1628881,1628932,,1611661319,84,65,0,4
04:26,[LVA] Team Rebound,-35,15,4,,0,,1611661319,84,65,0,4
04:26,Stoppage: Out-of-Bounds,0,-80,20,,0,,0,84,65,0,4
04:26,[LVA] Wilson Substitution replaced by Stokes,0,-80,8,,1628932,204329,1611661319,84,65,0,4
04:26,[ATL] McDonald Foul: Personal (2 PF),-76,158,6,1628276,1630462,200431,1611661330,84,65,0,4
04:26,[ATL] Billings Substitution replaced by Amihere,0,-80,8,,1628881,1641656,1611661330,84,65,0,4
04:18,[LVA] George 3pt Shot: Missed,-206,114,2,,204297,,1611661319,84,65,0,4
04:13,[ATL] Durr Rebound (Off:0 Def:1),-206,114,4,,1629476,,1611661330,84,65,0,4
04:05,[ATL] Amihere Reverse Layup Shot: Missed,20,10,2,,1641656,,1611661330,84,65,0,4
04:03,[LVA] George Rebound (Off:0 Def:1),50,22,4,,204297,,1611661319,84,65,0,4
03:53,[LVA 87-65] Bell 3pt Shot: Made (11 PTS),127,239,1,,1631006,,1611661319,87,65,3,4
03:34,[LVA] Bell Foul: Shooting (2 PF) (2 FTA),65,38,6,1641650,1631006,202679,1611661319,87,65,0,4
03:34,[ATL 66-87] Jones Free Throw 1 of 2 (4 PTS),0,-80,3,,1641650,,1611661330,87,66,1,4
03:34,[LVA] Plum Substitution replaced by Joens,0,-80,8,,1628276,1641653,1611661319,87,66,0,4
03:34,[LVA] Stokes Substitution replaced by Colson,0,-80,8,,204329,202641,1611661319,87,66,0,4
03:34,[ATL 67-87] Jones Free Throw 2 of 2 (5 PTS),0,-80,3,,1641650,,1611661330,87,67,1,4
03:16,[LVA] Bell 3pt Shot: Missed,154,176,2,,1631006,,1611661319,87,67,0,4
03:14,[ATL] Hillmon Rebound (Off:0 Def:3),154,176,4,,1631044,,1611661330,87,67,0,4
03:05,[ATL] McDonald 3pt Shot: Missed,20,247,2,,1630462,,1611661330,87,67,0,4
03:01,[LVA] Colson Rebound (Off:0 Def:1),20,247,4,,202641,,1611661319,87,67,0,4
02:56,[LVA 89-67] Bell Running Layup Shot: Made (13 PTS) Assist: Colson (1 AST),35,23,1,,1631006,202641,1611661319,89,67,2,4
02:42,[ATL 69-89] Durr Pullup Jump shot: Made (5 PTS),-101,47,1,,1629476,,1611661330,89,69,2,4
02:30,[LVA] Bell Cutting Layup Shot: Missed,28,32,2,,1631006,,1611661319,89,69,0,4
02:30,[ATL] Hillmon Rebound (Off:0 Def:4),28,32,4,,1631044,,1611661330,89,69,0,4
02:15,[ATL 71-89] Amihere Driving Layup Shot: Made (2 PTS),-26,44,1,,1641656,,1611661330,89,71,2,4
02:15,[LVA] George Foul: Shooting (3 PF) (1 FTA),-43,52,6,1641656,204297,200431,1611661319,89,71,0,4
02:15,Timeout Officials,0,-80,9,,0,,0,89,71,0,4
02:15,[ATL 72-89] Amihere Free Throw 1 of 1 (3 PTS),0,-80,3,,1641656,,1611661330,89,72,1,4
02:02,[LVA] George Turnover : Out of Bounds - Bad Pass Turnover (2 TO),-120,214,5,,204297,1629422,1611661319,89,72,0,4
01:46,[ATL] Amihere Turnaround Jump Shot: Missed,45,43,2,,1641656,,1611661330,89,72,0,4
01:43,[ATL] Amihere Rebound (Off:1 Def:0),45,43,4,,1641656,,1611661330,89,72,0,4
01:43,[LVA] George Foul: Shooting (4 PF) (2 FTA),9,44,6,1641656,204297,202679,1611661319,89,72,0,4
01:43,[ATL] Amihere Free Throw 1 of 2 Missed,0,-80,3,,1641656,,1611661330,89,72,0,4
01:43,[ATL] Team Rebound,0,-80,4,,0,,1611661330,89,72,0,4
01:43,[ATL] Amihere Free Throw 2 of 2 Missed,0,-80,3,,1641656,,1611661330,89,72,0,4
01:39,[LVA] Bell Rebound (Off:0 Def:2),0,-80,4,,1631006,,1611661319,89,72,0,4
01:27,[LVA] Colson Driving Layup Shot: Missed,-48,21,2,,202641,,1611661319,89,72,0,4
01:25,[LVA] George Rebound (Off:1 Def:1),-48,21,4,,204297,,1611661319,89,72,0,4
01:17,[LVA 91-72] Bell Driving Floating Bank Jump Shot: Made (15 PTS),36,60,1,,1631006,,1611661319,91,72,2,4
00:59.6,[ATL] Jones Turnover : Lost Ball (2 TO) Steal:Colson (1 ST),120,274,5,202641,1641650,,1611661330,91,72,0,4
00:56.6,[LVA 93-72] Colson Running Layup Shot: Made (2 PTS),-48,10,1,,202641,,1611661319,93,72,2,4
00:46.8,[ATL] Hillmon Jump Shot: Missed,-147,78,2,,1631044,,1611661330,93,72,0,4
00:43.8,[LVA] George Rebound (Off:1 Def:2),-147,78,4,,204297,,1611661319,93,72,0,4
00:39.7,[LVA] Bell 3pt Shot: Missed,-188,199,2,,1631006,,1611661319,93,72,0,4
00:35.8,[ATL] Jones Rebound (Off:0 Def:1),-188,199,4,,1641650,,1611661330,93,72,0,4
00:19.7,[ATL] Amihere Driving Layup Shot: Missed,40,40,2,,1641656,,1611661330,93,72,0,4
00:16.2,[LVA] Bell Rebound (Off:0 Def:3),40,40,4,,1631006,,1611661319,93,72,0,4
00:00.0,End Period,0,-80,13,,0,,0,93,72,0,4
